1
zdd (25, 0, 0.0008285442988077799, 1.0749576942502265e-08)
dyn (1, 0, 5.8531761169433594e-05, 1.1416804666404115e-10)
2
zdd (298, 0, 0.00604708989461263, 1.2089530939150812e-06)
dyn (5, 0, 0.0001624743143717448, 1.24196493293991e-09)
3
zdd (1608, 0, 0.027938580513000487, 4.495640634896235e-06)
dyn (22, 0, 0.00024222532908121746, 1.891241243816464e-09)
4
zdd (5603, 0, 0.10644129912058513, 3.4454636176669948e-06)
dyn (77, 0, 0.0004664738972981771, 8.237370873276872e-09)
5
zdd (15179, 0, 0.3528309345245361, 6.377737473438425e-05)
dyn (236, 0, 0.0010696967442830403, 5.928275610998774e-08)
6
zdd (35081, 0, 0.9941519339879353, 0.007119849319320923)
dyn (667, 0, 0.0029213984807332357, 2.3801026570212364e-07)
7
zdd (72994, 0, 2.3113370021184285, 0.00018421556829693325)
dyn (1786, 0, 0.006239620844523112, 1.225522066107814e-06)
8
zdd (141767, 0, 5.009141000111898, 0.0013093801774753098)
dyn (4601, 0, 0.013637685775756836, 4.696101402636298e-06)
9
zdd (264225, 0, 9.948520763715107, 0.004843451070619124)
dyn (11512, 0, 0.028723502159118654, 3.788693986303644e-06)
10
zdd (483841, 0, 18.51592597961426, 0.0043941937200692146)
dyn (28151, 0, 0.06486450831095378, 5.135551868570682e-06)
11
zdd (888576, 0, 33.176834201812746, 0.010975127855723759)
dyn (67574, 0, 0.154178253809611, 3.757840262101806e-06)
12
zdd (1664111, 0, 56.68560975392659, 0.014193362633085306)
dyn (159733, 0, 0.36776885986328123, 2.2303270198508156e-05)
13
zdd (3212295, 0, 94.96814565658569, 0.04533032469600412)
dyn (372724, 0, 0.8614314079284668, 4.2739612151841545e-05)
14
zdd (6413529, 0, 157.78685545921326, 0.07299663732488107)
dyn (860147, 0, 2.0031612714131675, 3.492012532054408e-05)
15
zdd (13205310, 0, 263.1158895095189, 0.23014450268018743)
dyn (1966066, 0, 4.643704509735107, 0.001601576399611829)
